Top 10 - Lowest values
3.000000000000000394e-08
3.000000000000000394e-08
3.000000000000000394e-08
3.000000000000000394e-08
3.000000000000000394e-08
3.000000000000000394e-08
3.000000000000000394e-08
3.000000000000000394e-08
3.000000000000000394e-08
3.000000000000000394e-08


Top 10 - Highest values
2.522867635243182635e-04
3.049779303374914024e-04
3.085471326662775934e-04
3.270954609470365739e-04
3.394011142872607788e-04
3.665000687894426931e-04
3.870849101681199584e-04
5.709579316931673613e-04
6.219513031748070183e-04
9.240160954736374027e-04
