Top 10 - Lowest values
3.601247760323997647e-09
3.601247760323997647e-09
3.601247760323997647e-09
3.601247760323997647e-09
3.601247760323997647e-09
3.601247760323997647e-09
3.601247760323997647e-09
3.601247760323997647e-09
3.601247760323997647e-09
3.601247760323997647e-09


Top 10 - Highest values
9.715862807219101047e-04
1.043819619013939800e-03
1.071162741080398289e-03
1.129382479370189983e-03
1.218301077776538441e-03
1.345707425369445636e-03
1.621375533359166931e-03
1.734589642241509680e-03
1.773044487031928121e-03
1.873477411956568379e-03
