Top 10 - Lowest values
1.639344262295082399e-02
1.639344262295082399e-02
2.287457110304748700e-02
6.312623563518164616e-02
1.056477328997921517e-01
1.362890203573726700e-01
1.467074772379839964e-01
1.475589082063308022e-01
1.687043256282150794e-01
1.763048436861750501e-01


Top 10 - Highest values
1.639344262295082399e-02
1.639344262295082399e-02
2.287457110304748700e-02
6.312623563518164616e-02
1.056477328997921517e-01
1.362890203573726700e-01
1.467074772379839964e-01
1.475589082063308022e-01
1.687043256282150794e-01
1.763048436861750501e-01
